35
1 6
1
1
1
1
1
1
2 5
01
01
01
01
11
2 5
01
01
01
11
01
2 5
01
01
11
01
01
2 4
11
01
01
11
3 4
011
010
010
110
2 4
01
11
01
11
3 4
010
011
010
110
2 4
01
01
11
11
3 4
010
010
011
110
3 4
001
001
001
111
3 4
010
010
010
111
2 5
01
01
01
11
10
2 4
01
11
11
01
3 4
010
011
110
010
3 4
001
001
111
001
3 4
010
010
111
010
2 4
01
11
10
11
3 3
001
101
111
3 3
001
111
101
2 3
11
11
11
3 3
010
111
101
3 4
001
001
111
100
3 3
001
111
110
3 4
001
011
010
110
3 3
001
111
011
3 3
010
111
011
3 3
001
011
111
2 4
01
11
11
10
3 4
001
001
111
010
3 4
001
011
110
010
3 4
001
111
010
010
3 4
001
001
011
110
2 5
01
01
11
10
10
3 4
001
011
110
100
