0,0
1,0
2,0
2,1
1,1
1,2
0,2
0,3
1,3
2,3
2,4
1,4
1,5
0,5
0,6
0,7
0,8
1,8
2,8
3,8
4,8
5,8
5,7
4,7
3,7
3,6
4,6
5,6
6,6
6,7
6,8
6,9
5,9
4,9
3,9
2,9
1,9
0,9
0,10
0,11
0,12
1,12
2,12
3,12
3,11
2,11
2,10
3,10
4,10
4,11
4,12
4,13
4,14
3,14
3,13
2,13
1,13
1,14
0,14
0,15
0,16
0,17
0,18
0,19
0,20
1,20
2,20
2,19
3,19
3,18
3,17
4,17
4,16
4,15
5,15
5,16
5,17
6,17
6,16
6,15
6,14
5,14
5,13
5,12
6,12
6,13
7,13
7,14
7,15
7,16
8,16
9,16
10,16
10,17
9,17
8,17
8,18
7,18
6,18
6,19
6,20
7,20
7,19
8,19
9,19
9,18
10,18
10,19
11,19
11,18
11,17
11,16
12,16
12,17
12,18
13,18
13,19
12,19
12,20
11,20
11,21
12,21
12,22
11,22
11,23
11,24
10,24
10,23
9,23
8,23
8,22
8,21
7,21
7,22
7,23
7,24
8,24
9,24
9,25
10,25
11,25
11,26
10,26
10,27
10,28
11,28
11,27
12,27
12,28
13,28
13,29
14,29
14,28
15,28
15,27
16,27
16,28
16,29
16,30
17,30
17,31
18,31
19,31
19,30
19,29
18,29
17,29
17,28
18,28
19,28
20,28
20,27
19,27
18,27
17,27
17,26
17,25
16,25
16,26
15,26
14,26
14,27
13,27
13,26
12,26
12,25
12,24
13,24
13,23
14,23
14,24
14,25
15,25
15,24
16,24
17,24
18,24
18,23
19,23
19,24
19,25
20,25
20,24
21,24
22,24
22,23
23,23
24,23
25,23
25,24
26,24
27,24
27,23
28,23
29,23
29,22
28,22
27,22
27,21
28,21
28,20
27,20
27,19
28,19
28,18
29,18
29,19
30,19
30,18
30,17
31,17
31,18
31,19
31,20
32,20
32,21
31,21
31,22
30,22
30,23
30,24
29,24
28,24
28,25
28,26
28,27
27,27
26,27
26,26
27,26
27,25
26,25
25,25
25,26
24,26
23,26
23,25
22,25
21,25
21,26
22,26
22,27
22,28
23,28
23,29
23,30
22,30
21,30
21,29
20,29
20,30
20,31
20,32
21,32
22,32
22,31
23,31
24,31
24,30
24,29
24,28
24,27
25,27
25,28
26,28
27,28
27,29
26,29
25,29
25,30
25,31
26,31
26,32
27,32
28,32
29,32
29,33
28,33
28,34
29,34
29,35
30,35
30,36
29,36
29,37
30,37
31,37
31,36
31,35
32,35
32,34
31,34
31,33
30,33
30,32
30,31
30,30
31,30
31,31
31,32
32,32
32,31
33,31
33,32
34,32
35,32
35,33
36,33
36,32
36,31
36,30
35,30
34,30
34,29
35,29
35,28
35,27
36,27
36,26
37,26
37,25
37,24
36,24
35,24
34,24
34,23
35,23
36,23
37,23
38,23
38,24
39,24
39,23
40,23
41,23
42,23
43,23
44,23
44,24
45,24
46,24
47,24
48,24
49,24
50,24
50,25
49,25
48,25
48,26
48,27
49,27
49,26
50,26
50,27
50,28
51,28
51,27
51,26
52,26
53,26
53,25
52,25
52,24
52,23
52,22
53,22
53,23
53,24
54,24
54,25
55,25
55,24
55,23
56,23
57,23
57,24
57,25
56,25
56,26
56,27
55,27
54,27
54,28
53,28
53,27
52,27
52,28
52,29
53,29
54,29
55,29
55,28
56,28
56,29
57,29
57,28
58,28
59,28
60,28
60,29
61,29
62,29
62,30
61,30
61,31
62,31
63,31
63,30
63,29
64,29
65,29
66,29
66,28
65,28
65,27
64,27
64,28
63,28
62,28
61,28
61,27
60,27
59,27
58,27
58,26
58,25
59,25
60,25
60,24
61,24
61,23
60,23
60,22
60,21
61,21
61,22
62,22
62,23
62,24
62,25
63,25
64,25
65,25
65,26
66,26
67,26
67,27
67,28
67,29
68,29
68,28
69,28
70,28
70,29
69,29
69,30
69,31
68,31
67,31
67,30
66,30
66,31
65,31
65,30
64,30
64,31
64,32
63,32
63,33
64,33
65,33
66,33
66,32
67,32
67,33
67,34
66,34
66,35
67,35
67,36
68,36
68,35
69,35
69,34
68,34
68,33
69,33
69,32
70,32
71,32
71,33
70,33
70,34
71,34
72,34
72,33
73,33
73,32
73,31
72,31
72,30
73,30
73,29
72,29
72,28
71,28
71,27
71,26
72,26
72,27
73,27
73,28
74,28
75,28
75,27
74,27
74,26
74,25
74,24
73,24
73,23
74,23
75,23
76,23
76,22
77,22
77,21
77,20
77,19
78,19
78,20
79,20
79,19
80,19
80,18
81,18
81,17
80,17
79,17
78,17
77,17
76,17
76,16
76,15
75,15
75,14
75,13
75,12
75,11
76,11
76,12
77,12
77,11
77,10
78,10
78,11
79,11
79,12
80,12
80,11
81,11
81,10
81,9
81,8
81,7
81,6
81,5
80,5
80,4
80,3
80,2
81,2
81,1
82,1
82,0
83,0
83,1
84,1
84,0
85,0
86,0
86,1
87,1
88,1
88,0
89,0
90,0
91,0
92,0
92,1
91,1
91,2
90,2
89,2
89,3
88,3
87,3
87,4
87,5
87,6
87,7
88,7
88,8
89,8
89,9
88,9
87,9
87,8
86,8
86,9
85,9
85,8
84,8
84,9
83,9
83,10
83,11
82,11
82,12
81,12
81,13
81,14
82,14
82,15
81,15
81,16
82,16
83,16
83,17
82,17
82,18
83,18
84,18
85,18
85,17
85,16
84,16
84,15
83,15
83,14
83,13
84,13
84,14
85,14
86,14
87,14
87,15
86,15
86,16
86,17
86,18
86,19
86,20
87,20
87,21
88,21
89,21
90,21
91,21
92,21
92,22
91,22
91,23
92,23
92,24
91,24
91,25
91,26
91,27
90,27
90,26
89,26
88,26
88,25
87,25
87,24
86,24
85,24
84,24
83,24
82,24
82,25
81,25
81,26
80,26
80,27
80,28
79,28
78,28
78,27
77,27
77,28
76,28
76,29
77,29
78,29
79,29
79,30
80,30
80,31
79,31
78,31
78,30
77,30
77,31
76,31
75,31
75,32
75,33
75,34
75,35
75,36
74,36
74,35
74,34
73,34
73,35
72,35
72,36
71,36
70,36
70,37
71,37
71,38
70,38
70,39
71,39
71,40
71,41
70,41
69,41
69,40
69,39
68,39
68,40
67,40
67,39
66,39
65,39
65,38
65,37
66,37
66,36
65,36
64,36
64,35
64,34
63,34
63,35
63,36
62,36
62,37
62,38
61,38
60,38
60,39
61,39
62,39
62,40
63,40
63,41
62,41
62,42
61,42
60,42
59,42
58,42
57,42
57,43
58,43
58,44
57,44
56,44
56,45
57,45
58,45
58,46
59,46
59,47
58,47
58,48
57,48
57,49
57,50
58,50
59,50
60,50
60,49
60,48
61,48
61,47
60,47
60,46
61,46
61,45
60,45
60,44
61,44
62,44
62,45
62,46
62,47
62,48
63,48
63,49
62,49
61,49
61,50
61,51
60,51
59,51
59,52
60,52
60,53
61,53
62,53
62,54
62,55
62,56
63,56
64,56
64,57
65,57
65,56
65,55
66,55
67,55
68,55
68,56
69,56
70,56
70,57
71,57
71,56
71,55
71,54
70,54
70,55
69,55
69,54
68,54
68,53
69,53
69,52
70,52
70,53
71,53
72,53
72,54
73,54
74,54
74,53
74,52
75,52
76,52
76,51
77,51
77,52
77,53
76,53
75,53
75,54
76,54
77,54
77,55
77,56
77,57
77,58
76,58
76,59
76,60
75,60
75,61
76,61
76,62
77,62
77,61
78,61
79,61
79,60
80,60
80,59
79,59
78,59
78,58
79,58
79,57
78,57
78,56
79,56
79,55
80,55
80,54
81,54
82,54
82,53
83,53
83,54
84,54
84,53
85,53
85,52
85,51
84,51
84,50
83,50
83,49
83,48
84,48
84,49
85,49
85,48
86,48
87,48
87,49
87,50
88,50
89,50
89,49
89,48
89,47
88,47
87,47
86,47
86,46
86,45
87,45
88,45
88,44
87,44
86,44
86,43
87,43
87,42
88,42
88,41
87,41
86,41
86,40
86,39
86,38
85,38
85,37
85,36
84,36
84,35
84,34
85,34
85,33
86,33
86,34
87,34
87,33
88,33
88,32
87,32
87,31
88,31
88,30
88,29
88,28
89,28
90,28
91,28
92,28
92,27
92,26
92,25
93,25
93,24
94,24
94,23
95,23
95,24
96,24
96,23
96,22
97,22
98,22
99,22
99,21
99,20
100,20
100,21
101,21
101,20
101,19
100,19
100,18
101,18
101,17
100,17
99,17
99,16
98,16
98,15
97,15
96,15
95,15
95,14
96,14
96,13
97,13
97,12
98,12
99,12
100,12
101,12
101,11
101,10
100,10
99,10
98,10
98,11
97,11
96,11
96,10
96,9
97,9
98,9
98,8
97,8
97,7
96,7
96,8
95,8
95,9
94,9
93,9
93,10
92,10
92,11
91,11
90,11
90,12
90,13
89,13
89,12
89,11
88,11
88,10
89,10
90,10
90,9
91,9
92,9
92,8
91,8
91,7
91,6
91,5
90,5
90,6
89,6
88,6
88,5
88,4
89,4
90,4
91,4
91,3
92,3
93,3
94,3
94,4
95,4
95,5
94,5
94,6
93,6
93,5
92,5
92,6
92,7
93,7
93,8
94,8
94,7
95,7
95,6
96,6
96,5
96,4
96,3
95,3
95,2
96,2
97,2
97,3
97,4
98,4
99,4
100,4
100,5
100,6
101,6
102,6
103,6
103,5
103,4
103,3
103,2
104,2
104,1
103,1
103,0
104,0
105,0
105,1
106,1
107,1
107,0
108,0
109,0
110,0
110,1
109,1
108,1
108,2
107,2
107,3
108,3
109,3
109,2
110,2
110,3
110,4
109,4
108,4
107,4
106,4
106,5
106,6
106,7
107,7
108,7
108,8
109,8
110,8
110,9
111,9
111,10
112,10
112,9
112,8
111,8
111,7
112,7
112,6
113,6
114,6
115,6
115,5
114,5
114,4
113,4
113,3
113,2
112,2
112,3
112,4
111,4
111,3
111,2
111,1
112,1
113,1
114,1
114,0
115,0
116,0
117,0
117,1
118,1
118,2
117,2
117,3
116,3
115,3
115,4
116,4
116,5
117,5
118,5
118,4
118,3
119,3
119,2
120,2
121,2
121,3
120,3
120,4
121,4
121,5
120,5
120,6
121,6
121,7
122,7
122,8
122,9
121,9
121,10
121,11
121,12
120,12
119,12
119,13
120,13
121,13
122,13
122,14
123,14
124,14
125,14
125,13
124,13
123,13
123,12
123,11
124,11
124,10
124,9
124,8
123,8
123,7
123,6
124,6
124,7
125,7
125,8
126,8
126,9
127,9
128,9
129,9
129,8
129,7
128,7
128,6
127,6
127,5
126,5
126,4
125,4
125,5
124,5
123,5
123,4
123,3
122,3
122,2
123,2
123,1
122,1
122,0
123,0
124,0
124,1
125,1
125,0
126,0
126,1
126,2
127,2
127,1
127,0
128,0
128,1
128,2
128,3
128,4
128,5
129,5
129,6
130,6
130,7
130,8
130,9
131,9
131,10
132,10
132,11
131,11
130,11
129,11
129,12
129,13
130,13
130,14
131,14
132,14
132,13
132,12
133,12
133,13
133,14
133,15
132,15
132,16
132,17
131,17
131,16
131,15
130,15
129,15
129,16
130,16
130,17
130,18
129,18
129,19
128,19
128,20
128,21
127,21
127,22
126,22
125,22
125,23
124,23
124,22
123,22
123,21
123,20
123,19
123,18
123,17
123,16
124,16
124,17
125,17
125,16
125,15
124,15
123,15
122,15
122,16
122,17
122,18
122,19
121,19
121,20
121,21
121,22
122,22
122,23
123,23
123,24
122,24
122,25
123,25
124,25
125,25
126,25
126,24
126,23
127,23
128,23
128,24
128,25
128,26
127,26
126,26
125,26
124,26
123,26
122,26
121,26
121,25
120,25
119,25
119,26
118,26
118,27
118,28
118,29
118,30
118,31
119,31
119,30
120,30
120,31
121,31
121,30
121,29
122,29
122,30
122,31
122,32
123,32
123,33
124,33
124,32
124,31
123,31
123,30
124,30
125,30
125,31
125,32
125,33
126,33
126,34
126,35
126,36
126,37
125,37
125,36
125,35
124,35
124,36
124,37
123,37
122,37
122,36
123,36
123,35
123,34
122,34
122,35
121,35
120,35
119,35
119,34
120,34
120,33
119,33
119,32
118,32
117,32
117,33
118,33
118,34
118,35
117,35
117,34
116,34
116,35
115,35
115,36
115,37
114,37
114,38
115,38
116,38
116,39
116,40
115,40
114,40
113,40
113,41
113,42
114,42
114,41
115,41
115,42
116,42
116,43
115,43
115,44
114,44
114,45
113,45
113,44
112,44
111,44
110,44
110,43
110,42
109,42
109,41
109,40
108,40
107,40
106,40
106,41
105,41
104,41
104,40
104,39
104,38
104,37
105,37
105,36
106,36
107,36
108,36
109,36
109,37
109,38
109,39
110,39
110,40
110,41
111,41
111,42
112,42
112,41
112,40
112,39
113,39
113,38
113,37
113,36
112,36
111,36
110,36
110,35
110,34
109,34
109,35
108,35
108,34
107,34
106,34
106,33
107,33
108,33
108,32
109,32
109,33
110,33
111,33
111,34
111,35
112,35
112,34
113,34
113,33
112,33
112,32
111,32
111,31
111,30
112,30
113,30
113,29
113,28
112,28
111,28
111,27
112,27
113,27
114,27
115,27
116,27
116,28
115,28
115,29
115,30
115,31
114,31
113,31
113,32
114,32
114,33
115,33
115,32
116,32
116,31
117,31
117,30
117,29
117,28
117,27
117,26
116,26
115,26
115,25
114,25
113,25
113,26
112,26
111,26
110,26
109,26
108,26
107,26
106,26
106,27
105,27
104,27
104,26
104,25
103,25
103,24
102,24
102,23
101,23
101,24
100,24
100,23
99,23
99,24
98,24
98,25
98,26
99,26
99,25
100,25
100,26
101,26
102,26
103,26
103,27
102,27
101,27
100,27
100,28
100,29
99,29
98,29
98,30
97,30
97,29
96,29
96,28
96,27
97,27
97,26
96,26
95,26
95,27
95,28
94,28
93,28
93,29
94,29
95,29
95,30
95,31
95,32
94,32
93,32
92,32
91,32
91,33
91,34
90,34
90,35
89,35
88,35
88,36
87,36
86,36
86,37
87,37
88,37
89,37
89,36
90,36
91,36
91,37
91,38
91,39
90,39
90,38
89,38
89,39
89,40
90,40
90,41
89,41
89,42
89,43
89,44
90,44
90,45
91,45
91,44
91,43
90,43
90,42
91,42
92,42
92,41
91,41
91,40
92,40
92,39
93,39
93,40
94,40
95,40
96,40
96,39
97,39
97,40
98,40
98,39
99,39
100,39
101,39
101,40
100,40
99,40
99,41
100,41
100,42
99,42
99,43
100,43
101,43
101,44
102,44
102,43
102,42
102,41
102,40
102,39
103,39
103,40
103,41
103,42
103,43
104,43
104,42
105,42
106,42
107,42
108,42
108,43
108,44
107,44
106,44
105,44
105,45
105,46
104,46
104,47
104,48
105,48
105,49
106,49
106,48
107,48
107,49
108,49
109,49
110,49
111,49
111,48
110,48
110,47
111,47
112,47
112,48
113,48
113,47
114,47
114,46
115,46
115,47
116,47
117,47
118,47
119,47
119,46
120,46
121,46
122,46
123,46
123,45
122,45
121,45
121,44
121,43
120,43
120,42
119,42
119,41
119,40
118,40
118,39
119,39
119,38
119,37
120,37
120,38
121,38
121,39
121,40
120,40
120,41
121,41
122,41
122,40
122,39
122,38
123,38
124,38
125,38
125,39
126,39
126,38
127,38
127,37
127,36
127,35
127,34
127,33
127,32
128,32
129,32
129,31
128,31
128,30
127,30
126,30
126,29
127,29
128,29
129,29
129,30
130,30
130,31
130,32
131,32
132,32
133,32
134,32
134,33
134,34
133,34
133,35
134,35
135,35
136,35
136,36
135,36
134,36
133,36
133,37
133,38
133,39
132,39
131,39
130,39
130,40
130,41
131,41
132,41
132,40
133,40
134,40
135,40
135,39
134,39
134,38
135,38
135,37
136,37
136,38
137,38
137,37
137,36
138,36
139,36
139,35
139,34
139,33
140,33
140,32
140,31
141,31
141,30
140,30
140,29
141,29
141,28
142,28
142,29
143,29
144,29
144,28
145,28
146,28
147,28
147,29
146,29
146,30
147,30
148,30
149,30
149,29
150,29
150,30
151,30
152,30
152,31
152,32
152,33
153,33
153,34
154,34
155,34
155,33
154,33
154,32
153,32
153,31
154,31
154,30
154,29
155,29
155,28
155,27
154,27
153,27
152,27
151,27
150,27
150,28
149,28
149,27
148,27
147,27
146,27
145,27
145,26
144,26
144,25
145,25
146,25
146,26
147,26
147,25
147,24
148,24
148,23
149,23
149,24
149,25
150,25
150,24
150,23
150,22
151,22
151,23
151,24
152,24
152,23
153,23
153,22
152,22
152,21
152,20
153,20
153,19
153,18
153,17
152,17
152,16
153,16
154,16
154,15
155,15
155,16
155,17
154,17
154,18
155,18
156,18
156,17
156,16
156,15
157,15
158,15
159,15
159,14
158,14
157,14
156,14
156,13
157,13
158,13
159,13
160,13
160,12
159,12
159,11
159,10
160,10
160,9
160,8
160,7
159,7
159,8
159,9
158,9
158,8
158,7
158,6
158,5
158,4
157,4
156,4
156,5
155,5
155,4
155,3
154,3
153,3
153,2
152,2
152,3
151,3
150,3
150,4
151,4
152,4
153,4
153,5
152,5
151,5
150,5
149,5
149,6
148,6
148,5
147,5
147,4
148,4
149,4
149,3
149,2
149,1
150,1
150,2
151,2
151,1
152,1
153,1
154,1
154,0
155,0
155,1
156,1
157,1
158,1
158,2
159,2
159,3
159,4
159,5
159,6
160,6
161,6
161,7
161,8
161,9
162,9
163,9
164,9
165,9
165,8
166,8
167,8
168,8
168,9
168,10
168,11
169,11
169,12
169,13
170,13
170,12
171,12
171,13
172,13
173,13
174,13
174,12
174,11
173,11
173,12
172,12
172,11
172,10
171,10
170,10
170,9
169,9
169,8
169,7
168,7
167,7
166,7
166,6
167,6
167,5
168,5
168,4
168,3
168,2
168,1
167,1
167,0
168,0
169,0
169,1
169,2
170,2
170,1
170,0
171,0
171,1
171,2
172,2
172,3
173,3
173,2
174,2
174,3
174,4
175,4
176,4
176,5
176,6
177,6
177,5
178,5
178,6
178,7
178,8
177,8
176,8
175,8
175,7
175,6
175,5
174,5
174,6
173,6
173,5
172,5
172,4
171,4
171,3
170,3
169,3
169,4
170,4
170,5
170,6
171,6
171,7
171,8
172,8
173,8
173,9
174,9
174,10
175,10
175,9
176,9
176,10
176,11
175,11
175,12
175,13
176,13
176,14
175,14
174,14
174,15
175,15
176,15
177,15
177,16
176,16
175,16
175,17
174,17
173,17
172,17
172,16
173,16
173,15
172,15
171,15
171,14
170,14
170,15
169,15
168,15
167,15
167,14
167,13
167,12
167,11
167,10
167,9
166,9
166,10
165,10
165,11
164,11
163,11
162,11
162,10
161,10
161,11
161,12
161,13
162,13
163,13
163,14
163,15
164,15
164,14
165,14
165,15
165,16
166,16
167,16
167,17
168,17
169,17
169,18
169,19
170,19
171,19
171,20
171,21
172,21
172,20
173,20
173,21
173,22
174,22
175,22
176,22
177,22
177,23
178,23
178,24
178,25
177,25
177,26
178,26
178,27
177,27
176,27
176,28
176,29
177,29
177,28
178,28
178,29
178,30
177,30
176,30
175,30
174,30
174,31
175,31
175,32
174,32
173,32
173,31
173,30
172,30
171,30
170,30
170,31
170,32
170,33
169,33
169,34
170,34
171,34
171,35
171,36
171,37
171,38
172,38
173,38
174,38
174,39
173,39
172,39
172,40
171,40
171,41
171,42
171,43
170,43
170,42
170,41
169,41
169,42
169,43
169,44
168,44
167,44
166,44
165,44
165,45
164,45
163,45
163,46
164,46
165,46
166,46
167,46
168,46
168,45
169,45
169,46
169,47
168,47
168,48
169,48
169,49
168,49
167,49
166,49
166,48
166,47
165,47
164,47
163,47
163,48
162,48
161,48
161,49
160,49
159,49
158,49
158,50
159,50
159,51
159,52
159,53
159,54
160,54
160,55
161,55
162,55
162,56
161,56
160,56
160,57
161,57
162,57
162,58
161,58
160,58
160,59
160,60
160,61
159,61
159,60
158,60
158,59
159,59
159,58
158,58
157,58
157,59
156,59
156,60
156,61
156,62
156,63
157,63
157,64
157,65
157,66
157,67
156,67
156,66
156,65
156,64
155,64
154,64
153,64
152,64
152,65
151,65
151,66
151,67
150,67
150,66
149,66
149,67
149,68
150,68
150,69
150,70
151,70
151,69
152,69
152,68
153,68
153,69
153,70
152,70
152,71
153,71
154,71
154,70
154,69
154,68
155,68
155,69
155,70
156,70
157,70
157,69
158,69
158,70
159,70
160,70
160,69
160,68
161,68
161,67
161,66
160,66
160,67
159,67
159,66
158,66
158,65
159,65
160,65
161,65
161,64
162,64
162,63
161,63
161,62
162,62
162,61
161,61
161,60
162,60
163,60
163,59
163,58
164,58
164,59
165,59
166,59
167,59
168,59
168,60
168,61
167,61
167,60
166,60
166,61
165,61
165,62
166,62
167,62
168,62
169,62
170,62
170,61
170,60
169,60
169,59
169,58
169,57
170,57
170,56
171,56
172,56
173,56
173,57
172,57
171,57
171,58
171,59
171,60
171,61
172,61
172,60
173,60
173,59
174,59
174,58
175,58
175,57
174,57
174,56
175,56
175,55
174,55
173,55
172,55
172,54
173,54
174,54
174,53
175,53
176,53
176,54
176,55
177,55
177,54
178,54
178,55
178,56
177,56
177,57
178,57
178,58
178,59
178,60
178,61
177,61
177,60
177,59
177,58
176,58
176,59
175,59
175,60
175,61
174,61
174,62
174,63
174,64
174,65
174,66
175,66
175,67
175,68
174,68
174,69
175,69
176,69
176,70
177,70
177,69
177,68
178,68
178,69
178,70
178,71
177,71
177,72
178,72
178,73
178,74
178,75
177,75
177,76
177,77
177,78
178,78
178,79
177,79
177,80
178,80
178,81
178,82
178,83
177,83
177,84
177,85
176,85
176,84
176,83
175,83
174,83
174,84
174,85
175,85
175,86
176,86
176,87
177,87
177,88
177,89
177,90
176,90
176,89
176,88
175,88
175,89
175,90
174,90
174,89
173,89
173,90
173,91
174,91
175,91
176,91
176,92
177,92
177,91
178,91
178,92
178,93
177,93
176,93
175,93
175,92
174,92
174,93
173,93
172,93
172,94
172,95
173,95
173,96
172,96
172,97
171,97
170,97
170,98
171,98
172,98
172,99
173,99
174,99
174,98
175,98
175,99
176,99
177,99
177,100
176,100
176,101
177,101
178,101
178,102
178,103
177,103
177,104
178,104
178,105
178,106
178,107
178,108
178,109
177,109
177,110
178,110
178,111
177,111
176,111
176,112
177,112
178,112
178,113
178,114
177,114
177,115
176,115
175,115
174,115
174,116
175,116
176,116
176,117
175,117
174,117
174,118
173,118
172,118
171,118
171,117
172,117
173,117
173,116
173,115
173,114
173,113
174,113
175,113
175,112
174,112
174,111
173,111
172,111
172,112
172,113
171,113
170,113
170,114
171,114
171,115
172,115
172,116
171,116
170,116
170,117
170,118
169,118
168,118
168,119
168,120
167,120
167,119
166,119
165,119
165,118
164,118
164,119
163,119
162,119
161,119
161,118
160,118
160,117
159,117
159,116
158,116
158,117
157,117
157,116
156,116
156,115
155,115
155,114
155,113
155,112
154,112
154,113
154,114
154,115
154,116
155,116
155,117
155,118
155,119
155,120
154,120
153,120
153,121
154,121
154,122
154,123
154,124
153,124
153,123
152,123
152,122
151,122
150,122
150,123
151,123
151,124
151,125
151,126
152,126
153,126
153,125
154,125
154,126
154,127
153,127
153,128
152,128
152,129
151,129
151,130
150,130
150,129
150,128
151,128
151,127
150,127
150,126
149,126
149,125
150,125
150,124
149,124
149,123
149,122
148,122
147,122
147,123
148,123
148,124
148,125
147,125
147,126
148,126
148,127
149,127
149,128
148,128
147,128
147,129
146,129
146,128
145,128
145,129
144,129
144,128
143,128
143,127
143,126
142,126
141,126
141,127
142,127
142,128
142,129
141,129
140,129
139,129
139,128
138,128
138,129
137,129
137,130
137,131
136,131
136,132
136,133
135,133
135,134
135,135
134,135
133,135
133,136
132,136
132,135
132,134
131,134
130,134
130,135
131,135
131,136
130,136
130,137
130,138
131,138
131,139
132,139
132,140
131,140
130,140
130,141
131,141
132,141
133,141
133,142
133,143
133,144
134,144
135,144
135,145
136,145
137,145
138,145
139,145
139,146
138,146
137,146
136,146
136,147
136,148
136,149
137,149
137,148
137,147
138,147
138,148
138,149
138,150
138,151
138,152
137,152
136,152
135,152
135,153
136,153
136,154
136,155
135,155
134,155
134,156
135,156
136,156
137,156
138,156
138,155
137,155
137,154
138,154
139,154
139,153
139,152
140,152
141,152
142,152
142,151
142,150
143,150
143,149
144,149
145,149
145,148
144,148
143,148
142,148
142,147
141,147
141,146
141,145
140,145
140,144
139,144
139,143
138,143
138,144
137,144
137,143
136,143
136,142
135,142
135,143
134,143
134,142
134,141
134,140
135,140
136,140
137,140
138,140
138,139
137,139
136,139
136,138
136,137
136,136
137,136
137,135
138,135
139,135
140,135
141,135
142,135
142,136
143,136
143,135
144,135
144,136
144,137
145,137
145,138
146,138
146,139
147,139
147,138
148,138
148,137
147,137
146,137
146,136
146,135
146,134
146,133
147,133
147,134
147,135
148,135
148,134
148,133
149,133
150,133
150,132
149,132
149,131
150,131
151,131
152,131
152,132
152,133
151,133
151,134
150,134
150,135
150,136
151,136
152,136
153,136
153,135
153,134
154,134
154,135
155,135
155,134
156,134
156,135
156,136
156,137
157,137
157,138
158,138
158,139
159,139
159,140
159,141
160,141
161,141
161,142
161,143
161,144
161,145
161,146
160,146
160,147
161,147
162,147
162,146
163,146
163,145
164,145
164,144
163,144
162,144
162,143
162,142
163,142
163,141
164,141
165,141
165,140
166,140
166,139
167,139
167,140
167,141
167,142
167,143
167,144
168,144
169,144
170,144
170,143
171,143
171,142
170,142
170,141
170,140
170,139
170,138
171,138
171,139
172,139
172,138
173,138
173,139
173,140
173,141
174,141
175,141
175,140
174,140
174,139
174,138
174,137
173,137
173,136
174,136
175,136
175,137
175,138
175,139
176,139
176,138
177,138
177,137
177,136
176,136
176,135
177,135
177,134
176,134
176,133
175,133
175,132
176,132
176,131
176,130
176,129
177,129
177,128
176,128
175,128
175,129
175,130
175,131
174,131
173,131
172,131
171,131
170,131
170,132
171,132
171,133
171,134
172,134
172,135
171,135
171,136
172,136
172,137
171,137
170,137
170,136
169,136
169,135
170,135
170,134
170,133
169,133
169,132
169,131
169,130
170,130
171,130
171,129
171,128
171,127
171,126
171,125
171,124
170,124
170,125
169,125
169,124
169,123
168,123
168,122
167,122
167,123
167,124
166,124
165,124
165,123
165,122
166,122
166,121
167,121
168,121
169,121
170,121
170,122
171,122
171,121
172,121
173,121
173,120
173,119
174,119
174,120
174,121
174,122
174,123
173,123
173,122
172,122
172,123
172,124
172,125
172,126
173,126
173,125
174,125
174,126
174,127
175,127
175,126
175,125
176,125
176,124
176,123
177,123
177,124
177,125
177,126
178,126
178,127
178,128
178,129
178,130
177,130
177,131
178,131
178,132
178,133
178,134
178,135
178,136
178,137
178,138
178,139
177,139
177,140
176,140
176,141
177,141
177,142
176,142
176,143
175,143
174,143
174,142
173,142
172,142
172,143
173,143
173,144
172,144
171,144
171,145
170,145
170,146
169,146
169,145
168,145
167,145
167,146
166,146
166,147
165,147
165,148
164,148
164,147
163,147
163,148
162,148
161,148
160,148
159,148
159,147
158,147
157,147
156,147
156,148
157,148
158,148
158,149
157,149
156,149
156,150
156,151
156,152
155,152
154,152
153,152
153,153
154,153
155,153
156,153
157,153
158,153
158,152
157,152
157,151
157,150
158,150
158,151
159,151
160,151
161,151
161,150
162,150
162,149
163,149
163,150
164,150
164,151
164,152
165,152
165,153
166,153
167,153
168,153
168,154
169,154
170,154
170,153
170,152
171,152
171,151
172,151
172,150
173,150
173,149
173,148
172,148
172,149
171,149
171,150
170,150
170,149
169,149
168,149
167,149
167,150
166,150
166,151
165,151
165,150
165,149
166,149
166,148
167,148
168,148
169,148
169,147
170,147
171,147
172,147
172,146
172,145
173,145
174,145
174,146
173,146
173,147
174,147
175,147
175,146
175,145
176,145
177,145
177,146
177,147
177,148
176,148
176,149
175,149
175,148
174,148
174,149
174,150
174,151
175,151
175,150
176,150
176,151
177,151
178,151
178,152
177,152
177,153
177,154
177,155
177,156
177,157
176,157
175,157
175,156
174,156
174,155
173,155
173,154
174,154
174,153
174,152
173,152
172,152
172,153
172,154
171,154
171,155
170,155
169,155
168,155
168,156
167,156
167,155
167,154
166,154
165,154
165,155
165,156
164,156
164,157
164,158
163,158
162,158
162,157
163,157
163,156
163,155
164,155
164,154
163,154
162,154
162,153
161,153
161,152
160,152
160,153
159,153
159,154
159,155
158,155
158,154
157,154
156,154
155,154
155,155
156,155
156,156
157,156
158,156
158,157
159,157
159,158
160,158
161,158
161,159
160,159
159,159
159,160
159,161
160,161
160,160
161,160
162,160
163,160
163,159
164,159
164,160
164,161
164,162
165,162
165,163
165,164
166,164
166,163
166,162
167,162
167,163
168,163
168,162
169,162
170,162
170,163
170,164
171,164
172,164
172,163
172,162
173,162
173,161
174,161
175,161
175,162
174,162
174,163
174,164
174,165
174,166
175,166
176,166
176,165
175,165
175,164
175,163
176,163
176,164
177,164
177,163
177,162
177,161
176,161
176,160
176,159
175,159
175,158
176,158
177,158
177,159
177,160
178,160
178,161
178,162
178,163
178,164
178,165
178,166
177,166
177,167
177,168
178,168
178,169
178,170
178,171
178,172
177,172
176,172
176,171
175,171
175,170
175,169
176,169
176,168
176,167
175,167
175,168
174,168
174,169
173,169
173,168
173,167
173,166
173,165
172,165
171,165
171,166
171,167
172,167
172,168
171,168
170,168
170,169
171,169
171,170
172,170
172,171
171,171
171,172
170,172
169,172
168,172
167,172
167,171
167,170
167,169
168,169
168,168
167,168
166,168
166,169
165,169
165,170
166,170
166,171
166,172
165,172
164,172
164,173
165,173
166,173
166,174
167,174
167,173
168,173
168,174
168,175
168,176
169,176
169,175
170,175
171,175
172,175
173,175
174,175
174,174
174,173
173,173
172,173
172,172
173,172
174,172
175,172
175,173
176,173
177,173
177,174
176,174
175,174
175,175
175,176
176,176
176,175
177,175
178,175
178,176
177,176
177,177
176,177
176,178
177,178
178,178
